91
41963
41651
52669
46178
46291
46235
46190
46123
45870
45504
45040
44773
44421
43971
43509
42985
41858
40970
40077
39243
38459
37672
36810
35885
34897
34002
32958
32175
31439
30861
30246
29468
28570
27686
26712
25789
25046
24494
23857
23138
22353
21636
20930
20513
20168
20162
19786
19802
19540
19442
19444
19413
19608
19657
19440
19484
19717
20246
20572
20846
21197
21609
22045
22755
23575
24303
25267
26045
26838
27608
28459
29426
30291
31337
32301
33145
33834
34769
35499
36310
37133
38026
39085
39813
40565
41208
41882
42615
43375
44046
44706
45209
45466
45570
45766
45730
46081
46077
46138
46024
46203
46254
46010
46086
45980
45498
45159
44653
44257
43902
43312
42688
42028
41140
40196
39341
38603
37787
37004
35979
35117
34053
33102
32239
31626
30957
30329
29615
28774
27848
26886
25944
25240
24579
23963
23156
22461
21355
20834
20484
20133
20051
19802
19757
19572
19403
19437
19547
19660
19652
19444
19442
19732
20143
20573
20790
21160
21664
22077
22632
23372
24129
25084
25911
26794
27480
28380
29676
30671
31645
32586
33360
34090
34749
35303
36146
37007
37824
38859
39722
40408
41107
41783
42425
43245
43984
44684
45141
45448
45572
45698
45729
46060
46133
46063
45909
46260
46254
45914
46140
45771
45344
45066
44698
44346
43872
43503
42859
42126
41229
40419
39485
38697
37899
37114
36174
35218
34224
33271
32378
31667
31073
30490
29716
28882
27986
27026
25721
24959
24383
23713
22905
22256
21459
20887
20378
20173
20086
19828
19741
19650
19492
19419
19505
19634
19632
19534
19429
19653
20120
20465
20762
21065
21609
21950
22546
23171
24462
25395
26292
26980
27807
28670
29579
30504
31530
32437
33259
33976
34597
35204
35962
36849
37759
38723
39588
40303
41022
41628
42432
43152
43832
44498
45037
45379
45446
45733
45695
46036
46163
45962
46114
46257
46202
46189
46163
45840
45392
45079
44794
44438
43995
43466
42909
42199
41336
40535
39632
38790
38083
37284
36342
35355
34408
33445
32556
31788
30875
30253
29493
28560
27667
26719
25828
25144
24448
23813
23089
22321
21490
20949
20495
20178
20159
19817
19749
19731
19492
19412
19444
19660
19660
19545
19427
19579
20035
20376
20650
21245
21663
22164
22828
23511
24294
25180
26161
26897
27665
28523
29439
30369
31343
32314
33172
33884
34507
35123
35830
36695
37575
38576
39536
40158
40920
41557
42234
43034
43775
44767
45188
45344
45525
45764
45730
46039
46165
46113
46018
46236
46237
46207
46140
45892
45481
45113
44866
44449
44019
43584
43070
42426
41576
40646
39766
38935
38209
37383
36542
35028
34084
33077
32244
31595
30979
30313
29578
28766
27803
26823
25975
25218
24578
23974
23269
22467
21730
21020
20546
20240
20120
19921
19752
19802
19516
19386
19449
19653
19660
19432
19377
19782
20100
20528
20821
21216
21639
22093
22687
23399
24163
25136
25975
26766
27445
28342
29272
30229
31198
32200
33045
33803
34419
34995
35709
36541
37442
38430
39342
40449
41104
41731
42559
43186
43990
44665
45111
45416
45465
45753
45824
45971
46134
46155
45939
46257
46207
46102
46076
45989
45511
45168
44895
44656
44071
43688
43155
42522
41715
40392
39534
38700
37824
37087
36132
35211
34230
33235
32418
31642
31107
30501
29673
28809
27937
27000
26059
25345
24642
24052
23307
22542
21812
21104
20614
20250
20097
19946
19816
19670
19517
19420
19505
19660
19644
19502
19401
19609
20071
20527
20746
21123
21552
21963
22547
23277
24019
24941
25831
26623
27405
28163
29081
30037
31005
31987
32909
33707
34292
35228
35970
36850
37780
38702
39649
40363
41045
41677
42381
43109
43805
44534
45078
45368
45444
45716
45769
45931
46106
46158
45982
46193
46227
46068
46067
46093
45695
45296
44949
44617
43903
43522
42906
42218
41387
40513
39609
38728
38080
37212
36336
35371
34417
33436
32557
31731
31117
30594
29846
29000
28128
27168
26196
25399
24729
24142
23435
22725
21952
21197
20433
20177
20089
19841
19762
19700
19454
19369
19383
19633
19654
19603
19413
19630
20032
20414
20743
21078
21468
21911
22500
23107
23882
24808
25665
26523
27285
28150
28964
29902
31302
32319
33156
33891
34569
35050
35811
36706
37583
38562
39494
40284
40948
41559
42294
42987
43815
44469
45023
45311
45483
45685
45821
45863
46080
46122
45964
46167
46247
46107
46145
46004
45445
45154
44820
44431
44052
43601
43070
42334
41595
40678
39711
38944
38115
37363
36504
35491
34538
33560
32573
31811
31271
30682
30020
29073
28237
27375
26359
25538
24553
23853
23132
22376
21694
20984
20474
20257
20203
19912
19735
19771
19455
19381
19453
19636
19616
19643
19420
19577
19926
20405
20681
21040
21431
21882
22335
23036
23747
24641
25970
26747
27528
28379
29196
30180
31225
32206
33048
33787
34437
34994
35707
36564
37471
38387
39346
40049
40825
41362
42151
42829
43645
44373
44985
45368
45466
45636
45842
45777
46114
46177
45914
46262
46231
46183
46181
46022
45589
45203
44915
44477
44138
43715
43096
42442
41647
40808
39906
39047
38244
37485
36630
35742
34678
33671
32736
32020
31342
30707
29665
28874
28000
27004
26068
25387
24635
23981
23316
22538
21791
21143
20598
20243
20162
19898
19771
19812
19512
19421
19483
19659
19660
19629
19409
19519
19880
20225
20585
20953
21540
22018
22545
23267
24048
24923
25793
26603
27411
28165
29108
30051
31053
31970
32954
33729
34329
35011
35644
36452
37306
38222
39194
40024
40792
41399
42063
42671
43524
44258
44891
45317
45465
45692
45780
45903
46148
46146
46044
46190
46230
46181
46085
46074
45651
45272
44954
44616
44155
43829
43271
42625
41834
40967
40074
39228
38404
37617
36756
35838
34829
33433
32514
31750
31182
30590
29844
29008
28064
27180
26234
25390
24798
24071
23322
22655
21947
21232
20650
20256
20235
19923
19793
19796
19493
19478
19416
19564
19643
19644
19473
19644
20012
20434
20718
21054
21415
21959
22473
23110
23911
24752
25733
26550
27300
28109
28972
29927
30890
31946
32728
33562
34235
34871
35485
36356
37099
38155
39089
39900
40545
41616
42312
43050
43742
44415
45036
45312
45468
45711
45794
45891
46029
46147
45919
46082
46251
46222
46019
46058
45733
45271
44959
44653
44256
43813
43274
42709
41877
41067
40225
38935
38097
37314
36476
35484
34562
33517
32599
31913
31290
30669
29936
29138
28263
27313
26346
25552
24833
24260
